,pop_from_web,Population Growth,Population Density,Avg Household Size,Median Age,Median HHI,Penetration Rate,SUM_Diners,Daytime_Population,sept23_population,sept23_distinct_monthly_diners,sept23_total_OCP,sept23_monthly_avg_dcp,sept23_monthly_orders,sept23_monthly_avg_ocp,sept23_penetration,cluster
0,4774000.0,0.01,3323.0,2.59,39.3,69200.0,0.11,496964.0,4675663.0,4898288.0,145701.0,2012256.92,13.81,495235.0,4.06,0.03,1.0
1,4746200.0,0.08,8911.0,3.07,32.8,46500.0,0.11,443180.0,4137011.0,4680365.0,125644.0,1493178.18,11.88,459553.0,3.25,0.03,1.0
2,6690700.0,0.01,778.0,2.41,33.0,54000.0,0.07,508412.0,7210151.0,7203509.0,107691.0,915163.04,8.5,323366.0,2.83,0.01,0.0
3,6771900.0,0.0,661.0,2.47,39.0,51800.0,0.06,334059.0,5993402.0,6788611.0,71459.0,663453.73,9.28,210959.0,3.14,0.01,0.0
4,4700400.0,0.0,2663.0,2.65,29.3,35700.0,0.06,312181.0,4991589.0,4813828.0,62008.0,391211.93,6.31,189319.0,2.07,0.01,1.0
5,5031100.0,0.01,338.0,3.78,34.0,62300.0,0.05,219594.0,4087075.0,4870081.0,54658.0,457808.04,8.38,154017.0,2.97,0.01,1.0
6,2849500.0,0.01,3211.0,3.17,42.7,93300.0,0.07,178437.0,2588107.0,2813511.0,51135.0,516484.27,10.1,152975.0,3.38,0.02,1.0
7,5856600.0,0.01,48.0,3.19,32.5,50900.0,0.05,248840.0,4978371.0,6083953.0,50638.0,320081.6,6.32,145289.0,2.2,0.01,0.0
8,4299900.0,0.0,742.0,2.56,37.0,23900.0,0.05,206687.0,4308591.0,3988412.0,41753.0,164561.96,3.94,126743.0,1.3,0.01,1.0
9,3567500.0,0.0,1361.0,2.71,39.6,43100.0,0.06,195129.0,3161638.0,3505321.0,41008.0,195445.95,4.77,128646.0,1.52,0.01,1.0
10,3793100.0,0.01,7513.0,4.12,28.3,38300.0,0.04,127315.0,2940888.0,3522004.0,30161.0,210622.65,6.98,86768.0,2.43,0.01,1.0
11,4708100.0,0.01,523.0,3.62,28.9,38000.0,0.03,113027.0,4355900.0,4599569.0,21877.0,110011.44,5.03,58994.0,1.86,0.0,1.0
12,3318700.0,0.01,68.0,3.2,34.6,30400.0,0.02,69787.0,3152108.0,3092561.0,14366.0,79150.9,5.51,37344.0,2.12,0.0,1.0
13,2517000.0,0.01,10463.0,1.87,37.4,112200.0,0.25,1087245.0,4381563.0,2746635.0,375666.0,5737719.79,15.27,1674734.0,3.43,0.14,1.0
14,3373900.0,0.02,5308.0,1.67,32.5,67000.0,0.13,1135843.0,8900654.0,4082040.0,307552.0,3752536.33,12.2,1060964.0,3.54,0.08,1.0
15,2856100.0,0.01,10481.0,2.12,36.3,63100.0,0.23,765028.0,3316780.0,2952111.0,253940.0,3627781.46,14.29,1062301.0,3.42,0.09,1.0
16,2716200.0,0.01,12938.0,2.78,35.3,44700.0,0.15,358893.0,2336403.0,2769695.0,98615.0,833967.0,8.46,392291.0,2.13,0.04,1.0
17,2414900.0,0.01,25890.0,2.93,37.7,50200.0,0.13,291346.0,2267246.0,2407426.0,91064.0,989103.07,10.86,390010.0,2.54,0.04,1.0
18,1800500.0,0.01,7548.0,2.82,32.2,22800.0,0.14,226591.0,1641757.0,1711073.0,62581.0,484471.57,7.74,275314.0,1.76,0.04,1.0
19,2563900.0,0.01,2063.0,3.17,28.6,26700.0,0.06,156819.0,2459372.0,2533223.0,36438.0,280731.89,7.7,109133.0,2.57,0.01,1.0
20,3288800.0,0.01,2552.0,3.35,27.3,30200.0,0.05,150826.0,3061974.0,3100829.0,32525.0,231396.29,7.11,102476.0,2.26,0.01,1.0
21,7927600.0,0.01,1417.0,2.88,42.6,92900.0,0.09,615688.0,7033509.0,7909701.0,167877.0,2496032.33,14.87,511316.0,4.88,0.02,0.0
22,6077200.0,0.01,999.0,2.84,47.3,173200.0,0.08,573502.0,7334956.0,6030564.0,150533.0,3062783.16,20.35,436728.0,7.01,0.03,0.0
23,6536700.0,0.04,346.0,2.85,45.1,108700.0,0.06,562752.0,8930579.0,10826839.0,137579.0,1907232.24,13.86,361617.0,5.27,0.01,0.0
24,3993500.0,0.01,514.0,2.39,43.3,109400.0,0.1,448649.0,4495827.0,4070678.0,130817.0,2071311.81,15.83,395986.0,5.23,0.03,1.0
25,10565700.0,0.01,523.0,2.97,37.0,90500.0,0.06,529266.0,9053325.0,11567195.0,116684.0,1106126.9,9.48,311026.0,3.56,0.01,0.0
26,9115600.0,0.03,966.0,3.12,31.4,72000.0,0.06,541243.0,8448515.0,11329787.0,112721.0,811487.91,7.2,309937.0,2.62,0.01,0.0
27,4341400.0,0.03,1427.0,2.48,35.3,86600.0,0.08,426726.0,5280336.0,4765964.0,108109.0,1115809.45,10.32,332624.0,3.35,0.02,1.0
28,6215500.0,0.0,1251.0,2.51,40.9,60000.0,0.07,420899.0,5856695.0,6362771.0,103179.0,1276054.79,12.37,316606.0,4.03,0.02,0.0
29,6536700.0,0.04,1017.0,3.25,34.0,113400.0,0.06,413173.0,6416950.0,7999230.0,91451.0,919024.44,10.05,236055.0,3.89,0.01,0.0
30,3547600.0,0.01,1058.0,2.06,52.3,71700.0,0.06,327393.0,5103273.0,3743095.0,90883.0,1185890.63,13.05,282299.0,4.2,0.02,1.0
31,6092100.0,0.01,288.0,2.5,51.0,103400.0,0.06,355758.0,6200972.0,6340307.0,87022.0,1211837.98,13.93,223647.0,5.42,0.01,0.0
32,6225800.0,0.01,974.0,3.13,40.8,138100.0,0.06,340297.0,5446075.0,6465744.0,78307.0,1024477.28,13.08,196334.0,5.22,0.01,0.0
33,7702700.0,0.01,282.0,2.52,48.0,75000.0,0.05,332487.0,6840079.0,7895275.0,76190.0,844186.97,11.08,203530.0,4.15,0.01,0.0
34,6105100.0,0.01,422.0,2.88,37.7,72100.0,0.07,321819.0,4839208.0,6137961.0,70952.0,712688.55,10.04,207636.0,3.43,0.01,0.0
35,7325300.0,0.0,2.31,2.31,47.0,53200.0,0.03,247623.0,7822941.0,7459866.0,56295.0,477375.09,8.48,147159.0,3.24,0.01,0.0
36,1940100.0,0.01,107.0,2.03,63.2,72100.0,0.03,72262.0,2254681.0,2127595.0,14540.0,151049.49,10.39,32989.0,4.58,0.01,1.0
37,1560500.0,0.01,475.0,1.68,72.3,42800.0,0.03,58530.0,2024164.0,1675178.0,14480.0,101782.97,7.03,32948.0,3.09,0.01,1.0
38,956900.0,0.01,83.0,3.38,22.6,48600.0,0.02,36248.0,1734184.0,905070.0,6857.0,13163.38,1.92,18879.0,0.7,0.01,1.0
39,9734400.0,0.01,177.0,2.75,36.1,59800.0,0.04,362224.0,8961415.0,10920150.0,74645.0,446203.81,5.98,199056.0,2.24,0.01,0.0
40,3949000.0,0.01,32.0,2.76,35.0,38700.0,0.03,115424.0,4155654.0,4117937.0,23015.0,118895.78,5.17,61348.0,1.94,0.01,1.0
41,5449100.0,0.0,88.0,2.26,40.8,31500.0,0.02,117819.0,6942186.0,5414767.0,22599.0,124954.9,5.53,61121.0,2.04,0.0,0.0
42,6980600.0,0.0,93.0,2.39,42.3,42400.0,0.01,87648.0,6900329.0,6862930.0,17753.0,74132.02,4.18,47643.0,1.56,0.0,0.0
43,2521300.0,0.01,20.0,2.2,54.6,38700.0,0.02,61600.0,2589765.0,2612594.0,12236.0,75727.44,6.19,32953.0,2.3,0.0,1.0
44,1217200.0,0.01,89.0,3.98,27.4,35300.0,0.01,12789.0,1116462.0,1161888.0,2435.0,9111.75,3.74,6140.0,1.48,0.0,1.0
45,10695900.0,0.01,71.0,2.7,43.9,76800.0,0.03,281366.0,8665071.0,11336834.0,62331.0,497540.88,7.98,158593.0,3.14,0.01,0.0
46,9276400.0,0.0,58.0,2.59,44.1,56300.0,0.02,119476.0,7271743.0,9201632.0,26796.0,98705.79,3.68,68223.0,1.45,0.0,0.0
47,10404500.0,0.01,51.0,2.67,40.3,47800.0,0.01,121264.0,8298248.0,10644960.0,25079.0,40289.68,1.61,62578.0,0.64,0.0,0.0
48,4745300.0,0.01,18.0,2.44,47.4,56400.0,0.02,71375.0,4141504.0,4926358.0,15039.0,103542.0,6.88,36799.0,2.81,0.0,1.0
49,2770500.0,0.0,7.0,2.22,54.1,50400.0,0.01,18918.0,2494441.0,2854202.0,3624.0,20643.15,5.7,7062.0,2.92,0.0,1.0
50,6173200.0,0.0,21.0,2.48,45.2,42300.0,0.0,16952.0,4724126.0,5913763.0,3457.0,2609.66,0.75,8797.0,0.3,0.0,0.0
51,4492200.0,0.0,33.0,2.55,40.4,33000.0,0.0,15986.0,3755945.0,4066504.0,3116.0,-1537.35,-0.49,7474.0,-0.21,0.0,1.0
52,3384000.0,0.0,5.0,2.51,44.4,54300.0,0.0,5003.0,2705455.0,3227893.0,1119.0,3431.29,3.07,2834.0,1.21,0.0,1.0
53,2122400.0,0.0,12.0,2.54,41.3,42100.0,0.0,3486.0,1755476.0,1915296.0,843.0,1399.69,1.66,2104.0,0.67,0.0,1.0
54,2602400.0,0.01,5235.0,2.22,21.6,16800.0,0.12,511593.0,4361059.0,2691792.0,327295.0,532789.46,1.63,399654.0,1.33,0.12,1.0
55,2962900.0,0.01,1451.0,2.14,24.5,32200.0,0.09,362361.0,4048588.0,2973990.0,131290.0,604637.84,4.61,245830.0,2.46,0.04,1.0
56,3684800.0,0.01,396.0,2.06,37.4,59200.0,0.11,473301.0,4468252.0,3872560.0,122348.0,1562673.92,12.77,336355.0,4.65,0.03,1.0
57,6623000.0,0.01,365.0,2.35,42.0,73000.0,0.06,438808.0,6957167.0,6880605.0,103768.0,1210952.35,11.67,279473.0,4.33,0.02,0.0
58,4408500.0,0.01,3306.0,2.04,29.8,40500.0,0.08,462881.0,5671864.0,4709529.0,98306.0,720771.29,7.33,301849.0,2.39,0.02,1.0
59,6249400.0,0.01,860.0,2.12,39.4,44900.0,0.05,424925.0,7989118.0,6448969.0,88354.0,777452.07,8.8,243135.0,3.2,0.01,0.0
60,5116500.0,0.01,2090.0,2.57,34.9,43700.0,0.06,342083.0,5294192.0,5220956.0,77139.0,809289.0,10.49,238685.0,3.39,0.01,1.0
61,3794800.0,0.01,2733.0,2.12,33.9,32800.0,0.06,348744.0,5532857.0,3843301.0,76421.0,734634.37,9.61,222063.0,3.31,0.02,1.0
62,1966400.0,0.01,1243.0,1.73,45.6,17900.0,0.05,271756.0,5212048.0,2156715.0,69094.0,641210.32,9.28,202952.0,3.16,0.03,1.0
63,2990300.0,0.01,420.0,1.88,53.9,40800.0,0.05,218282.0,4744749.0,3198224.0,50312.0,510868.85,10.15,152195.0,3.36,0.02,1.0
64,6098800.0,0.0,231.0,2.51,35.5,39300.0,0.04,243697.0,5798990.0,5995965.0,47965.0,339909.15,7.09,141596.0,2.4,0.01,0.0
65,3047000.0,0.0,988.0,2.76,28.5,18300.0,0.06,202602.0,3340787.0,2902124.0,41474.0,151156.81,3.64,120215.0,1.26,0.01,1.0
66,4121300.0,0.0,76.0,2.66,32.4,28200.0,0.04,183655.0,4443998.0,3939746.0,33561.0,205812.14,6.13,97532.0,2.11,0.01,1.0
